4.400000000000000000e+01
1.260000000000000000e+02
2.500000000000000000e+02
3.900000000000000000e+02
5.440000000000000000e+02
6.900000000000000000e+02
8.140000000000000000e+02
9.280000000000000000e+02
1.035000000000000000e+03
1.141000000000000000e+03
1.251000000000000000e+03
1.374000000000000000e+03
1.512000000000000000e+03
1.648000000000000000e+03
1.765000000000000000e+03
1.889000000000000000e+03
2.016000000000000000e+03
2.162000000000000000e+03
2.327000000000000000e+03
2.501000000000000000e+03
2.659000000000000000e+03
2.788000000000000000e+03
2.904000000000000000e+03
3.028000000000000000e+03
3.157000000000000000e+03
3.298000000000000000e+03
3.426000000000000000e+03
3.548000000000000000e+03
3.703000000000000000e+03
3.883000000000000000e+03
4.039000000000000000e+03
4.170000000000000000e+03
4.317000000000000000e+03
4.485000000000000000e+03
4.658000000000000000e+03
4.799000000000000000e+03
4.950000000000000000e+03
5.115000000000000000e+03
5.272000000000000000e+03
5.393000000000000000e+03
5.511000000000000000e+03
5.641000000000000000e+03
5.824000000000000000e+03
6.000000000000000000e+03
6.175000000000000000e+03
6.316000000000000000e+03
6.457000000000000000e+03
6.651000000000000000e+03
6.834000000000000000e+03
7.010000000000000000e+03
7.143000000000000000e+03
7.275000000000000000e+03
7.472000000000000000e+03
7.659000000000000000e+03
7.842000000000000000e+03
7.986000000000000000e+03
8.121000000000000000e+03
8.285000000000000000e+03
8.464000000000000000e+03
8.635000000000000000e+03
8.779000000000000000e+03
8.911000000000000000e+03
9.051000000000000000e+03
9.210000000000000000e+03
9.366000000000000000e+03
9.505000000000000000e+03
