1.340000000000000000e+02
2.490000000000000000e+02
3.580000000000000000e+02
4.720000000000000000e+02
6.230000000000000000e+02
8.150000000000000000e+02
9.890000000000000000e+02
1.160000000000000000e+03
1.312000000000000000e+03
1.442000000000000000e+03
1.579000000000000000e+03
1.734000000000000000e+03
1.924000000000000000e+03
2.094000000000000000e+03
2.222000000000000000e+03
2.357000000000000000e+03
2.508000000000000000e+03
2.670000000000000000e+03
2.814000000000000000e+03
2.965000000000000000e+03
3.114000000000000000e+03
3.241000000000000000e+03
3.389000000000000000e+03
3.544000000000000000e+03
3.698000000000000000e+03
3.827000000000000000e+03
3.973000000000000000e+03
4.117000000000000000e+03
4.245000000000000000e+03
4.366000000000000000e+03
4.498000000000000000e+03
4.629000000000000000e+03
4.750000000000000000e+03
4.870000000000000000e+03
5.000000000000000000e+03
5.135000000000000000e+03
5.259000000000000000e+03
5.386000000000000000e+03
5.531000000000000000e+03
5.668000000000000000e+03
5.787000000000000000e+03
5.914000000000000000e+03
6.044000000000000000e+03
6.171000000000000000e+03
6.292000000000000000e+03
6.425000000000000000e+03
6.561000000000000000e+03
6.681000000000000000e+03
6.805000000000000000e+03
6.932000000000000000e+03
7.059000000000000000e+03
7.174000000000000000e+03
7.291000000000000000e+03
7.417000000000000000e+03
7.540000000000000000e+03
7.657000000000000000e+03
7.786000000000000000e+03
7.917000000000000000e+03
8.042000000000000000e+03
8.160000000000000000e+03
8.290000000000000000e+03
8.419000000000000000e+03
8.538000000000000000e+03
8.652000000000000000e+03
8.773000000000000000e+03
8.897000000000000000e+03
9.019000000000000000e+03
9.137000000000000000e+03
9.263000000000000000e+03
9.394000000000000000e+03
9.527000000000000000e+03
