1.070000000000000000e+02
1.330000000000000000e+02
2.520000000000000000e+02
3.830000000000000000e+02
5.080000000000000000e+02
6.230000000000000000e+02
7.400000000000000000e+02
8.650000000000000000e+02
9.970000000000000000e+02
1.132000000000000000e+03
1.258000000000000000e+03
1.376000000000000000e+03
1.495000000000000000e+03
1.615000000000000000e+03
1.738000000000000000e+03
1.855000000000000000e+03
1.969000000000000000e+03
2.092000000000000000e+03
2.233000000000000000e+03
2.377000000000000000e+03
2.501000000000000000e+03
2.631000000000000000e+03
2.762000000000000000e+03
2.881000000000000000e+03
3.000000000000000000e+03
3.131000000000000000e+03
3.262000000000000000e+03
3.383000000000000000e+03
3.506000000000000000e+03
3.641000000000000000e+03
3.777000000000000000e+03
3.898000000000000000e+03
4.022000000000000000e+03
4.156000000000000000e+03
4.290000000000000000e+03
4.418000000000000000e+03
4.541000000000000000e+03
4.674000000000000000e+03
4.806000000000000000e+03
4.931000000000000000e+03
5.052000000000000000e+03
5.183000000000000000e+03
5.320000000000000000e+03
5.450000000000000000e+03
5.573000000000000000e+03
5.705000000000000000e+03
5.835000000000000000e+03
5.965000000000000000e+03
6.086000000000000000e+03
6.218000000000000000e+03
6.352000000000000000e+03
6.480000000000000000e+03
6.608000000000000000e+03
6.742000000000000000e+03
6.875000000000000000e+03
6.997000000000000000e+03
7.117000000000000000e+03
7.243000000000000000e+03
7.371000000000000000e+03
7.493000000000000000e+03
7.610000000000000000e+03
7.730000000000000000e+03
7.856000000000000000e+03
7.979000000000000000e+03
8.098000000000000000e+03
8.223000000000000000e+03
8.348000000000000000e+03
8.471000000000000000e+03
8.583000000000000000e+03
8.697000000000000000e+03
8.812000000000000000e+03
8.929000000000000000e+03
9.042000000000000000e+03
9.155000000000000000e+03
9.273000000000000000e+03
9.392000000000000000e+03
9.505000000000000000e+03
