4.900000000000000000e+01
4.900000000000000000e+01
7.400000000000000000e+01
1.870000000000000000e+02
2.920000000000000000e+02
3.970000000000000000e+02
5.030000000000000000e+02
6.100000000000000000e+02
7.180000000000000000e+02
8.260000000000000000e+02
9.320000000000000000e+02
1.036000000000000000e+03
1.144000000000000000e+03
1.255000000000000000e+03
1.367000000000000000e+03
1.480000000000000000e+03
1.588000000000000000e+03
1.699000000000000000e+03
1.814000000000000000e+03
1.931000000000000000e+03
2.054000000000000000e+03
2.169000000000000000e+03
2.281000000000000000e+03
2.394000000000000000e+03
2.510000000000000000e+03
2.628000000000000000e+03
2.750000000000000000e+03
2.866000000000000000e+03
2.985000000000000000e+03
3.104000000000000000e+03
3.223000000000000000e+03
3.332000000000000000e+03
3.446000000000000000e+03
3.562000000000000000e+03
3.683000000000000000e+03
3.800000000000000000e+03
3.917000000000000000e+03
4.037000000000000000e+03
4.155000000000000000e+03
4.267000000000000000e+03
4.383000000000000000e+03
4.499000000000000000e+03
4.618000000000000000e+03
4.735000000000000000e+03
4.851000000000000000e+03
4.972000000000000000e+03
5.095000000000000000e+03
5.210000000000000000e+03
5.325000000000000000e+03
5.441000000000000000e+03
5.556000000000000000e+03
5.670000000000000000e+03
5.775000000000000000e+03
5.885000000000000000e+03
6.001000000000000000e+03
6.123000000000000000e+03
6.245000000000000000e+03
6.361000000000000000e+03
6.486000000000000000e+03
6.611000000000000000e+03
6.738000000000000000e+03
6.855000000000000000e+03
6.975000000000000000e+03
7.098000000000000000e+03
7.221000000000000000e+03
7.338000000000000000e+03
7.460000000000000000e+03
7.584000000000000000e+03
7.702000000000000000e+03
7.813000000000000000e+03
7.927000000000000000e+03
8.040000000000000000e+03
8.156000000000000000e+03
8.266000000000000000e+03
8.380000000000000000e+03
8.500000000000000000e+03
8.625000000000000000e+03
8.748000000000000000e+03
8.872000000000000000e+03
8.996000000000000000e+03
9.124000000000000000e+03
9.261000000000000000e+03
9.400000000000000000e+03
9.527000000000000000e+03
