3.700000000000000000e+01
1.820000000000000000e+02
1.820000000000000000e+02
3.200000000000000000e+02
4.610000000000000000e+02
6.090000000000000000e+02
7.570000000000000000e+02
9.050000000000000000e+02
1.046000000000000000e+03
1.190000000000000000e+03
1.336000000000000000e+03
1.482000000000000000e+03
1.632000000000000000e+03
1.773000000000000000e+03
1.903000000000000000e+03
2.039000000000000000e+03
2.191000000000000000e+03
2.344000000000000000e+03
2.490000000000000000e+03
2.622000000000000000e+03
2.755000000000000000e+03
2.904000000000000000e+03
3.056000000000000000e+03
3.207000000000000000e+03
3.342000000000000000e+03
3.479000000000000000e+03
3.630000000000000000e+03
3.780000000000000000e+03
3.928000000000000000e+03
4.066000000000000000e+03
4.199000000000000000e+03
4.341000000000000000e+03
4.492000000000000000e+03
4.643000000000000000e+03
4.784000000000000000e+03
4.920000000000000000e+03
5.060000000000000000e+03
5.208000000000000000e+03
5.356000000000000000e+03
5.498000000000000000e+03
5.630000000000000000e+03
5.766000000000000000e+03
5.904000000000000000e+03
6.041000000000000000e+03
6.179000000000000000e+03
6.310000000000000000e+03
6.443000000000000000e+03
6.578000000000000000e+03
6.722000000000000000e+03
6.870000000000000000e+03
7.014000000000000000e+03
7.146000000000000000e+03
7.279000000000000000e+03
7.414000000000000000e+03
7.552000000000000000e+03
7.690000000000000000e+03
7.823000000000000000e+03
7.955000000000000000e+03
8.090000000000000000e+03
8.228000000000000000e+03
8.370000000000000000e+03
8.508000000000000000e+03
8.637000000000000000e+03
8.769000000000000000e+03
8.906000000000000000e+03
9.049000000000000000e+03
9.190000000000000000e+03
9.321000000000000000e+03
9.454000000000000000e+03
9.591000000000000000e+03
9.691000000000000000e+03
9.829000000000000000e+03
9.968000000000000000e+03
1.010300000000000000e+04
1.023500000000000000e+04
1.036100000000000000e+04
1.048000000000000000e+04
1.058800000000000000e+04
1.072000000000000000e+04
1.085600000000000000e+04
1.098300000000000000e+04
1.112000000000000000e+04
1.126600000000000000e+04
1.141300000000000000e+04
1.156000000000000000e+04
1.169900000000000000e+04
1.183300000000000000e+04
1.197200000000000000e+04
1.210900000000000000e+04
1.223900000000000000e+04
1.237000000000000000e+04
1.250200000000000000e+04
1.264600000000000000e+04
1.279000000000000000e+04
1.292400000000000000e+04
1.306000000000000000e+04
1.319700000000000000e+04
1.333800000000000000e+04
1.347300000000000000e+04
1.360500000000000000e+04
1.373900000000000000e+04
1.387600000000000000e+04
1.401500000000000000e+04
1.414300000000000000e+04
1.427400000000000000e+04
1.440600000000000000e+04
1.453900000000000000e+04
1.466500000000000000e+04
1.478000000000000000e+04
1.491300000000000000e+04
1.503900000000000000e+04
1.516700000000000000e+04
1.528800000000000000e+04
1.540900000000000000e+04
1.553400000000000000e+04
1.565700000000000000e+04
1.578100000000000000e+04
1.589900000000000000e+04
1.601200000000000000e+04
1.614100000000000000e+04
1.626900000000000000e+04
1.639400000000000000e+04
1.651500000000000000e+04
1.663900000000000000e+04
1.676500000000000000e+04
1.689200000000000000e+04
1.701400000000000000e+04
1.712500000000000000e+04
1.723900000000000000e+04
1.736100000000000000e+04
1.747900000000000000e+04
1.759700000000000000e+04
1.770700000000000000e+04
1.783300000000000000e+04
1.795400000000000000e+04
1.807800000000000000e+04
1.820100000000000000e+04
1.831400000000000000e+04
1.842800000000000000e+04
1.853900000000000000e+04
1.864700000000000000e+04
1.875100000000000000e+04
1.885300000000000000e+04
1.895300000000000000e+04
1.905300000000000000e+04
1.915300000000000000e+04
