3.500000000000000000e+01
7.400000000000000000e+01
1.450000000000000000e+02
3.010000000000000000e+02
4.530000000000000000e+02
5.950000000000000000e+02
7.380000000000000000e+02
8.900000000000000000e+02
1.039000000000000000e+03
1.182000000000000000e+03
1.319000000000000000e+03
1.457000000000000000e+03
1.595000000000000000e+03
1.735000000000000000e+03
1.872000000000000000e+03
2.009000000000000000e+03
2.149000000000000000e+03
2.299000000000000000e+03
2.446000000000000000e+03
2.589000000000000000e+03
2.731000000000000000e+03
2.873000000000000000e+03
3.015000000000000000e+03
3.155000000000000000e+03
3.296000000000000000e+03
3.438000000000000000e+03
3.579000000000000000e+03
3.714000000000000000e+03
3.853000000000000000e+03
3.993000000000000000e+03
4.136000000000000000e+03
4.269000000000000000e+03
4.401000000000000000e+03
4.525000000000000000e+03
4.665000000000000000e+03
4.797000000000000000e+03
4.921000000000000000e+03
5.038000000000000000e+03
5.185000000000000000e+03
5.329000000000000000e+03
5.471000000000000000e+03
5.598000000000000000e+03
5.729000000000000000e+03
5.860000000000000000e+03
6.001000000000000000e+03
6.134000000000000000e+03
6.255000000000000000e+03
6.404000000000000000e+03
6.545000000000000000e+03
6.683000000000000000e+03
6.802000000000000000e+03
6.946000000000000000e+03
7.082000000000000000e+03
7.219000000000000000e+03
7.335000000000000000e+03
7.471000000000000000e+03
7.602000000000000000e+03
7.740000000000000000e+03
7.882000000000000000e+03
8.011000000000000000e+03
8.145000000000000000e+03
8.284000000000000000e+03
8.420000000000000000e+03
8.550000000000000000e+03
8.681000000000000000e+03
8.815000000000000000e+03
8.954000000000000000e+03
9.088000000000000000e+03
9.216000000000000000e+03
9.344000000000000000e+03
9.472000000000000000e+03
