4.900000000000000000e+01
5.000000000000000000e+01
5.200000000000000000e+01
5.200000000000000000e+01
1.420000000000000000e+02
2.820000000000000000e+02
4.150000000000000000e+02
5.660000000000000000e+02
7.200000000000000000e+02
8.750000000000000000e+02
1.022000000000000000e+03
1.165000000000000000e+03
1.311000000000000000e+03
1.458000000000000000e+03
1.608000000000000000e+03
1.754000000000000000e+03
1.892000000000000000e+03
2.024000000000000000e+03
2.160000000000000000e+03
2.308000000000000000e+03
2.455000000000000000e+03
2.594000000000000000e+03
2.746000000000000000e+03
2.905000000000000000e+03
3.062000000000000000e+03
3.207000000000000000e+03
3.344000000000000000e+03
3.476000000000000000e+03
3.629000000000000000e+03
3.781000000000000000e+03
3.925000000000000000e+03
4.070000000000000000e+03
4.218000000000000000e+03
4.366000000000000000e+03
4.513000000000000000e+03
4.648000000000000000e+03
4.790000000000000000e+03
4.938000000000000000e+03
5.089000000000000000e+03
5.233000000000000000e+03
5.366000000000000000e+03
5.489000000000000000e+03
5.632000000000000000e+03
5.768000000000000000e+03
5.898000000000000000e+03
6.015000000000000000e+03
6.161000000000000000e+03
6.303000000000000000e+03
6.457000000000000000e+03
6.589000000000000000e+03
6.713000000000000000e+03
6.857000000000000000e+03
6.995000000000000000e+03
7.131000000000000000e+03
7.248000000000000000e+03
7.369000000000000000e+03
7.521000000000000000e+03
7.664000000000000000e+03
7.799000000000000000e+03
7.933000000000000000e+03
8.072000000000000000e+03
8.215000000000000000e+03
8.350000000000000000e+03
8.478000000000000000e+03
8.611000000000000000e+03
8.748000000000000000e+03
8.889000000000000000e+03
9.015000000000000000e+03
9.147000000000000000e+03
9.281000000000000000e+03
9.420000000000000000e+03
9.547000000000000000e+03
